/*--------------------------------*- C++ -*----------------------------------*\
| =========                 |                                                 |
| \\      /  F ield         | OpenFOAM: The Open Source CFD Toolbox           |
|  \\    /   O peration     | Version:  v1806                                 |
|   \\  /    A nd           | Web:      www.OpenFOAM.com                      |
|    \\/     M anipulation  |                                                 |
\*---------------------------------------------------------------------------*/
FoamFile
{
    version     2.0;
    format      ascii;
    class       faceList;
    location    "constant/polyMesh";
    object      faces;
}
// * * * * * * * * * * * * * * * * * * * * * * * * * * * * * * * * * * * * * //


1482
(
4(79 151 476 152)
4(8 152 476 80)
4(78 150 477 153)
4(152 153 477 476)
4(77 149 478 154)
4(153 154 478 477)
4(76 148 479 155)
4(154 155 479 478)
4(75 147 480 156)
4(155 156 480 479)
4(74 146 481 157)
4(156 157 481 480)
4(73 145 482 158)
4(157 158 482 481)
4(72 144 483 159)
4(158 159 483 482)
4(71 143 484 160)
4(159 160 484 483)
4(70 142 485 161)
4(160 161 485 484)
4(69 141 486 162)
4(161 162 486 485)
4(68 140 487 163)
4(162 163 487 486)
4(67 139 488 164)
4(163 164 488 487)
4(66 138 489 165)
4(164 165 489 488)
4(65 137 490 166)
4(165 166 490 489)
4(64 136 491 167)
4(166 167 491 490)
4(63 135 492 168)
4(167 168 492 491)
4(62 134 493 169)
4(168 169 493 492)
4(169 61 133 493)
4(152 476 494 170)
4(9 170 494 81)
4(153 477 495 171)
4(170 171 495 494)
4(154 478 496 172)
4(171 172 496 495)
4(155 479 497 173)
4(172 173 497 496)
4(156 480 498 174)
4(173 174 498 497)
4(157 481 499 175)
4(174 175 499 498)
4(158 482 500 176)
4(175 176 500 499)
4(159 483 501 177)
4(176 177 501 500)
4(160 484 502 178)
4(177 178 502 501)
4(161 485 503 179)
4(178 179 503 502)
4(162 486 504 180)
4(179 180 504 503)
4(163 487 505 181)
4(180 181 505 504)
4(164 488 506 182)
4(181 182 506 505)
4(165 489 507 183)
4(182 183 507 506)
4(166 490 508 184)
4(183 184 508 507)
4(167 491 509 185)
4(184 185 509 508)
4(168 492 510 186)
4(185 186 510 509)
4(169 493 511 187)
4(186 187 511 510)
4(187 60 132 511)
4(170 494 512 188)
4(10 188 512 82)
4(171 495 513 189)
4(188 189 513 512)
4(172 496 514 190)
4(189 190 514 513)
4(173 497 515 191)
4(190 191 515 514)
4(174 498 516 192)
4(191 192 516 515)
4(175 499 517 193)
4(192 193 517 516)
4(176 500 518 194)
4(193 194 518 517)
4(177 501 519 195)
4(194 195 519 518)
4(178 502 520 196)
4(195 196 520 519)
4(179 503 521 197)
4(196 197 521 520)
4(180 504 522 198)
4(197 198 522 521)
4(181 505 523 199)
4(198 199 523 522)
4(182 506 524 200)
4(199 200 524 523)
4(183 507 525 201)
4(200 201 525 524)
4(184 508 526 202)
4(201 202 526 525)
4(185 509 527 203)
4(202 203 527 526)
4(186 510 528 204)
4(203 204 528 527)
4(187 511 529 205)
4(204 205 529 528)
4(205 59 131 529)
4(188 512 530 206)
4(11 206 530 83)
4(189 513 531 207)
4(206 207 531 530)
4(190 514 532 208)
4(207 208 532 531)
4(191 515 533 209)
4(208 209 533 532)
4(192 516 534 210)
4(209 210 534 533)
4(193 517 535 211)
4(210 211 535 534)
4(194 518 536 212)
4(211 212 536 535)
4(195 519 537 213)
4(212 213 537 536)
4(196 520 538 214)
4(213 214 538 537)
4(197 521 539 215)
4(214 215 539 538)
4(198 522 540 216)
4(215 216 540 539)
4(199 523 541 217)
4(216 217 541 540)
4(200 524 542 218)
4(217 218 542 541)
4(201 525 543 219)
4(218 219 543 542)
4(202 526 544 220)
4(219 220 544 543)
4(203 527 545 221)
4(220 221 545 544)
4(204 528 546 222)
4(221 222 546 545)
4(205 529 547 223)
4(222 223 547 546)
4(223 58 130 547)
4(206 530 548 224)
4(12 224 548 84)
4(207 531 549 225)
4(224 225 549 548)
4(208 532 550 226)
4(225 226 550 549)
4(209 533 551 227)
4(226 227 551 550)
4(210 534 552 228)
4(227 228 552 551)
4(211 535 553 229)
4(228 229 553 552)
4(212 536 554 230)
4(229 230 554 553)
4(213 537 555 231)
4(230 231 555 554)
4(214 538 556 232)
4(231 232 556 555)
4(215 539 557 233)
4(232 233 557 556)
4(216 540 558 234)
4(233 234 558 557)
4(217 541 559 235)
4(234 235 559 558)
4(218 542 560 236)
4(235 236 560 559)
4(219 543 561 237)
4(236 237 561 560)
4(220 544 562 238)
4(237 238 562 561)
4(221 545 563 239)
4(238 239 563 562)
4(222 546 564 240)
4(239 240 564 563)
4(223 547 565 241)
4(240 241 565 564)
4(241 57 129 565)
4(224 548 566 242)
4(13 242 566 85)
4(225 549 567 243)
4(242 243 567 566)
4(226 550 568 244)
4(243 244 568 567)
4(227 551 569 245)
4(244 245 569 568)
4(228 552 570 246)
4(245 246 570 569)
4(229 553 571 247)
4(246 247 571 570)
4(230 554 572 248)
4(247 248 572 571)
4(231 555 573 249)
4(248 249 573 572)
4(232 556 574 250)
4(249 250 574 573)
4(233 557 575 251)
4(250 251 575 574)
4(234 558 576 252)
4(251 252 576 575)
4(235 559 577 253)
4(252 253 577 576)
4(236 560 578 254)
4(253 254 578 577)
4(237 561 579 255)
4(254 255 579 578)
4(238 562 580 256)
4(255 256 580 579)
4(239 563 581 257)
4(256 257 581 580)
4(240 564 582 258)
4(257 258 582 581)
4(241 565 583 259)
4(258 259 583 582)
4(259 56 128 583)
4(242 566 584 260)
4(14 260 584 86)
4(243 567 585 261)
4(260 261 585 584)
4(244 568 586 262)
4(261 262 586 585)
4(245 569 587 263)
4(262 263 587 586)
4(246 570 588 264)
4(263 264 588 587)
4(247 571 589 265)
4(264 265 589 588)
4(248 572 590 266)
4(265 266 590 589)
4(249 573 591 267)
4(266 267 591 590)
4(250 574 592 268)
4(267 268 592 591)
4(251 575 593 269)
4(268 269 593 592)
4(252 576 594 270)
4(269 270 594 593)
4(253 577 595 271)
4(270 271 595 594)
4(254 578 596 272)
4(271 272 596 595)
4(255 579 597 273)
4(272 273 597 596)
4(256 580 598 274)
4(273 274 598 597)
4(257 581 599 275)
4(274 275 599 598)
4(258 582 600 276)
4(275 276 600 599)
4(259 583 601 277)
4(276 277 601 600)
4(277 55 127 601)
4(260 584 602 278)
4(15 278 602 87)
4(261 585 603 279)
4(278 279 603 602)
4(262 586 604 280)
4(279 280 604 603)
4(263 587 605 281)
4(280 281 605 604)
4(264 588 606 282)
4(281 282 606 605)
4(265 589 607 283)
4(282 283 607 606)
4(266 590 608 284)
4(283 284 608 607)
4(267 591 609 285)
4(284 285 609 608)
4(268 592 610 286)
4(285 286 610 609)
4(269 593 611 287)
4(286 287 611 610)
4(270 594 612 288)
4(287 288 612 611)
4(271 595 613 289)
4(288 289 613 612)
4(272 596 614 290)
4(289 290 614 613)
4(273 597 615 291)
4(290 291 615 614)
4(274 598 616 292)
4(291 292 616 615)
4(275 599 617 293)
4(292 293 617 616)
4(276 600 618 294)
4(293 294 618 617)
4(277 601 619 295)
4(294 295 619 618)
4(295 54 126 619)
4(278 602 620 296)
4(16 296 620 88)
4(279 603 621 297)
4(296 297 621 620)
4(280 604 622 298)
4(297 298 622 621)
4(281 605 623 299)
4(298 299 623 622)
4(282 606 624 300)
4(299 300 624 623)
4(283 607 625 301)
4(300 301 625 624)
4(284 608 626 302)
4(301 302 626 625)
4(285 609 627 303)
4(302 303 627 626)
4(286 610 628 304)
4(303 304 628 627)
4(287 611 629 305)
4(304 305 629 628)
4(288 612 630 306)
4(305 306 630 629)
4(289 613 631 307)
4(306 307 631 630)
4(290 614 632 308)
4(307 308 632 631)
4(291 615 633 309)
4(308 309 633 632)
4(292 616 634 310)
4(309 310 634 633)
4(293 617 635 311)
4(310 311 635 634)
4(294 618 636 312)
4(311 312 636 635)
4(295 619 637 313)
4(312 313 637 636)
4(313 53 125 637)
4(296 620 638 314)
4(17 314 638 89)
4(297 621 639 315)
4(314 315 639 638)
4(298 622 640 316)
4(315 316 640 639)
4(299 623 641 317)
4(316 317 641 640)
4(300 624 642 318)
4(317 318 642 641)
4(301 625 643 319)
4(318 319 643 642)
4(302 626 644 320)
4(319 320 644 643)
4(303 627 645 321)
4(320 321 645 644)
4(304 628 646 322)
4(321 322 646 645)
4(305 629 647 323)
4(322 323 647 646)
4(306 630 648 324)
4(323 324 648 647)
4(307 631 649 325)
4(324 325 649 648)
4(308 632 650 326)
4(325 326 650 649)
4(309 633 651 327)
4(326 327 651 650)
4(310 634 652 328)
4(327 328 652 651)
4(311 635 653 329)
4(328 329 653 652)
4(312 636 654 330)
4(329 330 654 653)
4(313 637 655 331)
4(330 331 655 654)
4(331 52 124 655)
4(314 638 656 332)
4(18 332 656 90)
4(315 639 657 333)
4(332 333 657 656)
4(316 640 658 334)
4(333 334 658 657)
4(317 641 659 335)
4(334 335 659 658)
4(318 642 660 336)
4(335 336 660 659)
4(319 643 661 337)
4(336 337 661 660)
4(320 644 662 338)
4(337 338 662 661)
4(321 645 663 339)
4(338 339 663 662)
4(322 646 664 340)
4(339 340 664 663)
4(323 647 665 341)
4(340 341 665 664)
4(324 648 666 342)
4(341 342 666 665)
4(325 649 667 343)
4(342 343 667 666)
4(326 650 668 344)
4(343 344 668 667)
4(327 651 669 345)
4(344 345 669 668)
4(328 652 670 346)
4(345 346 670 669)
4(329 653 671 347)
4(346 347 671 670)
4(330 654 672 348)
4(347 348 672 671)
4(331 655 673 349)
4(348 349 673 672)
4(349 51 123 673)
4(332 656 674 350)
4(19 350 674 91)
4(333 657 675 351)
4(350 351 675 674)
4(334 658 676 352)
4(351 352 676 675)
4(335 659 677 353)
4(352 353 677 676)
4(336 660 678 354)
4(353 354 678 677)
4(337 661 679 355)
4(354 355 679 678)
4(338 662 680 356)
4(355 356 680 679)
4(339 663 681 357)
4(356 357 681 680)
4(340 664 682 358)
4(357 358 682 681)
4(341 665 683 359)
4(358 359 683 682)
4(342 666 684 360)
4(359 360 684 683)
4(343 667 685 361)
4(360 361 685 684)
4(344 668 686 362)
4(361 362 686 685)
4(345 669 687 363)
4(362 363 687 686)
4(346 670 688 364)
4(363 364 688 687)
4(347 671 689 365)
4(364 365 689 688)
4(348 672 690 366)
4(365 366 690 689)
4(349 673 691 367)
4(366 367 691 690)
4(367 50 122 691)
4(350 674 692 368)
4(20 368 692 92)
4(351 675 693 369)
4(368 369 693 692)
4(352 676 694 370)
4(369 370 694 693)
4(353 677 695 371)
4(370 371 695 694)
4(354 678 696 372)
4(371 372 696 695)
4(355 679 697 373)
4(372 373 697 696)
4(356 680 698 374)
4(373 374 698 697)
4(357 681 699 375)
4(374 375 699 698)
4(358 682 700 376)
4(375 376 700 699)
4(359 683 701 377)
4(376 377 701 700)
4(360 684 702 378)
4(377 378 702 701)
4(361 685 703 379)
4(378 379 703 702)
4(362 686 704 380)
4(379 380 704 703)
4(363 687 705 381)
4(380 381 705 704)
4(364 688 706 382)
4(381 382 706 705)
4(365 689 707 383)
4(382 383 707 706)
4(366 690 708 384)
4(383 384 708 707)
4(367 691 709 385)
4(384 385 709 708)
4(385 49 121 709)
4(368 692 710 386)
4(21 386 710 93)
4(369 693 711 387)
4(386 387 711 710)
4(370 694 712 388)
4(387 388 712 711)
4(371 695 713 389)
4(388 389 713 712)
4(372 696 714 390)
4(389 390 714 713)
4(373 697 715 391)
4(390 391 715 714)
4(374 698 716 392)
4(391 392 716 715)
4(375 699 717 393)
4(392 393 717 716)
4(376 700 718 394)
4(393 394 718 717)
4(377 701 719 395)
4(394 395 719 718)
4(378 702 720 396)
4(395 396 720 719)
4(379 703 721 397)
4(396 397 721 720)
4(380 704 722 398)
4(397 398 722 721)
4(381 705 723 399)
4(398 399 723 722)
4(382 706 724 400)
4(399 400 724 723)
4(383 707 725 401)
4(400 401 725 724)
4(384 708 726 402)
4(401 402 726 725)
4(385 709 727 403)
4(402 403 727 726)
4(403 48 120 727)
4(386 710 728 404)
4(22 404 728 94)
4(387 711 729 405)
4(404 405 729 728)
4(388 712 730 406)
4(405 406 730 729)
4(389 713 731 407)
4(406 407 731 730)
4(390 714 732 408)
4(407 408 732 731)
4(391 715 733 409)
4(408 409 733 732)
4(392 716 734 410)
4(409 410 734 733)
4(393 717 735 411)
4(410 411 735 734)
4(394 718 736 412)
4(411 412 736 735)
4(395 719 737 413)
4(412 413 737 736)
4(396 720 738 414)
4(413 414 738 737)
4(397 721 739 415)
4(414 415 739 738)
4(398 722 740 416)
4(415 416 740 739)
4(399 723 741 417)
4(416 417 741 740)
4(400 724 742 418)
4(417 418 742 741)
4(401 725 743 419)
4(418 419 743 742)
4(402 726 744 420)
4(419 420 744 743)
4(403 727 745 421)
4(420 421 745 744)
4(421 47 119 745)
4(404 728 746 422)
4(23 422 746 95)
4(405 729 747 423)
4(422 423 747 746)
4(406 730 748 424)
4(423 424 748 747)
4(407 731 749 425)
4(424 425 749 748)
4(408 732 750 426)
4(425 426 750 749)
4(409 733 751 427)
4(426 427 751 750)
4(410 734 752 428)
4(427 428 752 751)
4(411 735 753 429)
4(428 429 753 752)
4(412 736 754 430)
4(429 430 754 753)
4(413 737 755 431)
4(430 431 755 754)
4(414 738 756 432)
4(431 432 756 755)
4(415 739 757 433)
4(432 433 757 756)
4(416 740 758 434)
4(433 434 758 757)
4(417 741 759 435)
4(434 435 759 758)
4(418 742 760 436)
4(435 436 760 759)
4(419 743 761 437)
4(436 437 761 760)
4(420 744 762 438)
4(437 438 762 761)
4(421 745 763 439)
4(438 439 763 762)
4(439 46 118 763)
4(422 746 764 440)
4(24 440 764 96)
4(423 747 765 441)
4(440 441 765 764)
4(424 748 766 442)
4(441 442 766 765)
4(425 749 767 443)
4(442 443 767 766)
4(426 750 768 444)
4(443 444 768 767)
4(427 751 769 445)
4(444 445 769 768)
4(428 752 770 446)
4(445 446 770 769)
4(429 753 771 447)
4(446 447 771 770)
4(430 754 772 448)
4(447 448 772 771)
4(431 755 773 449)
4(448 449 773 772)
4(432 756 774 450)
4(449 450 774 773)
4(433 757 775 451)
4(450 451 775 774)
4(434 758 776 452)
4(451 452 776 775)
4(435 759 777 453)
4(452 453 777 776)
4(436 760 778 454)
4(453 454 778 777)
4(437 761 779 455)
4(454 455 779 778)
4(438 762 780 456)
4(455 456 780 779)
4(439 763 781 457)
4(456 457 781 780)
4(457 45 117 781)
4(440 764 782 458)
4(25 458 782 97)
4(441 765 783 459)
4(458 459 783 782)
4(442 766 784 460)
4(459 460 784 783)
4(443 767 785 461)
4(460 461 785 784)
4(444 768 786 462)
4(461 462 786 785)
4(445 769 787 463)
4(462 463 787 786)
4(446 770 788 464)
4(463 464 788 787)
4(447 771 789 465)
4(464 465 789 788)
4(448 772 790 466)
4(465 466 790 789)
4(449 773 791 467)
4(466 467 791 790)
4(450 774 792 468)
4(467 468 792 791)
4(451 775 793 469)
4(468 469 793 792)
4(452 776 794 470)
4(469 470 794 793)
4(453 777 795 471)
4(470 471 795 794)
4(454 778 796 472)
4(471 472 796 795)
4(455 779 797 473)
4(472 473 797 796)
4(456 780 798 474)
4(473 474 798 797)
4(457 781 799 475)
4(474 475 799 798)
4(475 44 116 799)
4(458 782 98 26)
4(459 783 99 27)
4(460 784 100 28)
4(461 785 101 29)
4(462 786 102 30)
4(463 787 103 31)
4(464 788 104 32)
4(465 789 105 33)
4(466 790 106 34)
4(467 791 107 35)
4(468 792 108 36)
4(469 793 109 37)
4(470 794 110 38)
4(471 795 111 39)
4(472 796 112 40)
4(473 797 113 41)
4(474 798 114 42)
4(475 799 115 43)
4(0 79 152 8)
4(4 80 476 151)
4(79 78 153 152)
4(151 476 477 150)
4(78 77 154 153)
4(150 477 478 149)
4(77 76 155 154)
4(149 478 479 148)
4(76 75 156 155)
4(148 479 480 147)
4(75 74 157 156)
4(147 480 481 146)
4(74 73 158 157)
4(146 481 482 145)
4(73 72 159 158)
4(145 482 483 144)
4(72 71 160 159)
4(144 483 484 143)
4(71 70 161 160)
4(143 484 485 142)
4(70 69 162 161)
4(142 485 486 141)
4(69 68 163 162)
4(141 486 487 140)
4(68 67 164 163)
4(140 487 488 139)
4(67 66 165 164)
4(139 488 489 138)
4(66 65 166 165)
4(138 489 490 137)
4(65 64 167 166)
4(137 490 491 136)
4(64 63 168 167)
4(136 491 492 135)
4(63 62 169 168)
4(135 492 493 134)
4(62 3 61 169)
4(134 493 133 7)
4(8 152 170 9)
4(80 81 494 476)
4(152 153 171 170)
4(476 494 495 477)
4(153 154 172 171)
4(477 495 496 478)
4(154 155 173 172)
4(478 496 497 479)
4(155 156 174 173)
4(479 497 498 480)
4(156 157 175 174)
4(480 498 499 481)
4(157 158 176 175)
4(481 499 500 482)
4(158 159 177 176)
4(482 500 501 483)
4(159 160 178 177)
4(483 501 502 484)
4(160 161 179 178)
4(484 502 503 485)
4(161 162 180 179)
4(485 503 504 486)
4(162 163 181 180)
4(486 504 505 487)
4(163 164 182 181)
4(487 505 506 488)
4(164 165 183 182)
4(488 506 507 489)
4(165 166 184 183)
4(489 507 508 490)
4(166 167 185 184)
4(490 508 509 491)
4(167 168 186 185)
4(491 509 510 492)
4(168 169 187 186)
4(492 510 511 493)
4(169 61 60 187)
4(493 511 132 133)
4(9 170 188 10)
4(81 82 512 494)
4(170 171 189 188)
4(494 512 513 495)
4(171 172 190 189)
4(495 513 514 496)
4(172 173 191 190)
4(496 514 515 497)
4(173 174 192 191)
4(497 515 516 498)
4(174 175 193 192)
4(498 516 517 499)
4(175 176 194 193)
4(499 517 518 500)
4(176 177 195 194)
4(500 518 519 501)
4(177 178 196 195)
4(501 519 520 502)
4(178 179 197 196)
4(502 520 521 503)
4(179 180 198 197)
4(503 521 522 504)
4(180 181 199 198)
4(504 522 523 505)
4(181 182 200 199)
4(505 523 524 506)
4(182 183 201 200)
4(506 524 525 507)
4(183 184 202 201)
4(507 525 526 508)
4(184 185 203 202)
4(508 526 527 509)
4(185 186 204 203)
4(509 527 528 510)
4(186 187 205 204)
4(510 528 529 511)
4(187 60 59 205)
4(511 529 131 132)
4(10 188 206 11)
4(82 83 530 512)
4(188 189 207 206)
4(512 530 531 513)
4(189 190 208 207)
4(513 531 532 514)
4(190 191 209 208)
4(514 532 533 515)
4(191 192 210 209)
4(515 533 534 516)
4(192 193 211 210)
4(516 534 535 517)
4(193 194 212 211)
4(517 535 536 518)
4(194 195 213 212)
4(518 536 537 519)
4(195 196 214 213)
4(519 537 538 520)
4(196 197 215 214)
4(520 538 539 521)
4(197 198 216 215)
4(521 539 540 522)
4(198 199 217 216)
4(522 540 541 523)
4(199 200 218 217)
4(523 541 542 524)
4(200 201 219 218)
4(524 542 543 525)
4(201 202 220 219)
4(525 543 544 526)
4(202 203 221 220)
4(526 544 545 527)
4(203 204 222 221)
4(527 545 546 528)
4(204 205 223 222)
4(528 546 547 529)
4(205 59 58 223)
4(529 547 130 131)
4(11 206 224 12)
4(83 84 548 530)
4(206 207 225 224)
4(530 548 549 531)
4(207 208 226 225)
4(531 549 550 532)
4(208 209 227 226)
4(532 550 551 533)
4(209 210 228 227)
4(533 551 552 534)
4(210 211 229 228)
4(534 552 553 535)
4(211 212 230 229)
4(535 553 554 536)
4(212 213 231 230)
4(536 554 555 537)
4(213 214 232 231)
4(537 555 556 538)
4(214 215 233 232)
4(538 556 557 539)
4(215 216 234 233)
4(539 557 558 540)
4(216 217 235 234)
4(540 558 559 541)
4(217 218 236 235)
4(541 559 560 542)
4(218 219 237 236)
4(542 560 561 543)
4(219 220 238 237)
4(543 561 562 544)
4(220 221 239 238)
4(544 562 563 545)
4(221 222 240 239)
4(545 563 564 546)
4(222 223 241 240)
4(546 564 565 547)
4(223 58 57 241)
4(547 565 129 130)
4(12 224 242 13)
4(84 85 566 548)
4(224 225 243 242)
4(548 566 567 549)
4(225 226 244 243)
4(549 567 568 550)
4(226 227 245 244)
4(550 568 569 551)
4(227 228 246 245)
4(551 569 570 552)
4(228 229 247 246)
4(552 570 571 553)
4(229 230 248 247)
4(553 571 572 554)
4(230 231 249 248)
4(554 572 573 555)
4(231 232 250 249)
4(555 573 574 556)
4(232 233 251 250)
4(556 574 575 557)
4(233 234 252 251)
4(557 575 576 558)
4(234 235 253 252)
4(558 576 577 559)
4(235 236 254 253)
4(559 577 578 560)
4(236 237 255 254)
4(560 578 579 561)
4(237 238 256 255)
4(561 579 580 562)
4(238 239 257 256)
4(562 580 581 563)
4(239 240 258 257)
4(563 581 582 564)
4(240 241 259 258)
4(564 582 583 565)
4(241 57 56 259)
4(565 583 128 129)
4(13 242 260 14)
4(85 86 584 566)
4(242 243 261 260)
4(566 584 585 567)
4(243 244 262 261)
4(567 585 586 568)
4(244 245 263 262)
4(568 586 587 569)
4(245 246 264 263)
4(569 587 588 570)
4(246 247 265 264)
4(570 588 589 571)
4(247 248 266 265)
4(571 589 590 572)
4(248 249 267 266)
4(572 590 591 573)
4(249 250 268 267)
4(573 591 592 574)
4(250 251 269 268)
4(574 592 593 575)
4(251 252 270 269)
4(575 593 594 576)
4(252 253 271 270)
4(576 594 595 577)
4(253 254 272 271)
4(577 595 596 578)
4(254 255 273 272)
4(578 596 597 579)
4(255 256 274 273)
4(579 597 598 580)
4(256 257 275 274)
4(580 598 599 581)
4(257 258 276 275)
4(581 599 600 582)
4(258 259 277 276)
4(582 600 601 583)
4(259 56 55 277)
4(583 601 127 128)
4(14 260 278 15)
4(86 87 602 584)
4(260 261 279 278)
4(584 602 603 585)
4(261 262 280 279)
4(585 603 604 586)
4(262 263 281 280)
4(586 604 605 587)
4(263 264 282 281)
4(587 605 606 588)
4(264 265 283 282)
4(588 606 607 589)
4(265 266 284 283)
4(589 607 608 590)
4(266 267 285 284)
4(590 608 609 591)
4(267 268 286 285)
4(591 609 610 592)
4(268 269 287 286)
4(592 610 611 593)
4(269 270 288 287)
4(593 611 612 594)
4(270 271 289 288)
4(594 612 613 595)
4(271 272 290 289)
4(595 613 614 596)
4(272 273 291 290)
4(596 614 615 597)
4(273 274 292 291)
4(597 615 616 598)
4(274 275 293 292)
4(598 616 617 599)
4(275 276 294 293)
4(599 617 618 600)
4(276 277 295 294)
4(600 618 619 601)
4(277 55 54 295)
4(601 619 126 127)
4(15 278 296 16)
4(87 88 620 602)
4(278 279 297 296)
4(602 620 621 603)
4(279 280 298 297)
4(603 621 622 604)
4(280 281 299 298)
4(604 622 623 605)
4(281 282 300 299)
4(605 623 624 606)
4(282 283 301 300)
4(606 624 625 607)
4(283 284 302 301)
4(607 625 626 608)
4(284 285 303 302)
4(608 626 627 609)
4(285 286 304 303)
4(609 627 628 610)
4(286 287 305 304)
4(610 628 629 611)
4(287 288 306 305)
4(611 629 630 612)
4(288 289 307 306)
4(612 630 631 613)
4(289 290 308 307)
4(613 631 632 614)
4(290 291 309 308)
4(614 632 633 615)
4(291 292 310 309)
4(615 633 634 616)
4(292 293 311 310)
4(616 634 635 617)
4(293 294 312 311)
4(617 635 636 618)
4(294 295 313 312)
4(618 636 637 619)
4(295 54 53 313)
4(619 637 125 126)
4(16 296 314 17)
4(88 89 638 620)
4(296 297 315 314)
4(620 638 639 621)
4(297 298 316 315)
4(621 639 640 622)
4(298 299 317 316)
4(622 640 641 623)
4(299 300 318 317)
4(623 641 642 624)
4(300 301 319 318)
4(624 642 643 625)
4(301 302 320 319)
4(625 643 644 626)
4(302 303 321 320)
4(626 644 645 627)
4(303 304 322 321)
4(627 645 646 628)
4(304 305 323 322)
4(628 646 647 629)
4(305 306 324 323)
4(629 647 648 630)
4(306 307 325 324)
4(630 648 649 631)
4(307 308 326 325)
4(631 649 650 632)
4(308 309 327 326)
4(632 650 651 633)
4(309 310 328 327)
4(633 651 652 634)
4(310 311 329 328)
4(634 652 653 635)
4(311 312 330 329)
4(635 653 654 636)
4(312 313 331 330)
4(636 654 655 637)
4(313 53 52 331)
4(637 655 124 125)
4(17 314 332 18)
4(89 90 656 638)
4(314 315 333 332)
4(638 656 657 639)
4(315 316 334 333)
4(639 657 658 640)
4(316 317 335 334)
4(640 658 659 641)
4(317 318 336 335)
4(641 659 660 642)
4(318 319 337 336)
4(642 660 661 643)
4(319 320 338 337)
4(643 661 662 644)
4(320 321 339 338)
4(644 662 663 645)
4(321 322 340 339)
4(645 663 664 646)
4(322 323 341 340)
4(646 664 665 647)
4(323 324 342 341)
4(647 665 666 648)
4(324 325 343 342)
4(648 666 667 649)
4(325 326 344 343)
4(649 667 668 650)
4(326 327 345 344)
4(650 668 669 651)
4(327 328 346 345)
4(651 669 670 652)
4(328 329 347 346)
4(652 670 671 653)
4(329 330 348 347)
4(653 671 672 654)
4(330 331 349 348)
4(654 672 673 655)
4(331 52 51 349)
4(655 673 123 124)
4(18 332 350 19)
4(90 91 674 656)
4(332 333 351 350)
4(656 674 675 657)
4(333 334 352 351)
4(657 675 676 658)
4(334 335 353 352)
4(658 676 677 659)
4(335 336 354 353)
4(659 677 678 660)
4(336 337 355 354)
4(660 678 679 661)
4(337 338 356 355)
4(661 679 680 662)
4(338 339 357 356)
4(662 680 681 663)
4(339 340 358 357)
4(663 681 682 664)
4(340 341 359 358)
4(664 682 683 665)
4(341 342 360 359)
4(665 683 684 666)
4(342 343 361 360)
4(666 684 685 667)
4(343 344 362 361)
4(667 685 686 668)
4(344 345 363 362)
4(668 686 687 669)
4(345 346 364 363)
4(669 687 688 670)
4(346 347 365 364)
4(670 688 689 671)
4(347 348 366 365)
4(671 689 690 672)
4(348 349 367 366)
4(672 690 691 673)
4(349 51 50 367)
4(673 691 122 123)
4(19 350 368 20)
4(91 92 692 674)
4(350 351 369 368)
4(674 692 693 675)
4(351 352 370 369)
4(675 693 694 676)
4(352 353 371 370)
4(676 694 695 677)
4(353 354 372 371)
4(677 695 696 678)
4(354 355 373 372)
4(678 696 697 679)
4(355 356 374 373)
4(679 697 698 680)
4(356 357 375 374)
4(680 698 699 681)
4(357 358 376 375)
4(681 699 700 682)
4(358 359 377 376)
4(682 700 701 683)
4(359 360 378 377)
4(683 701 702 684)
4(360 361 379 378)
4(684 702 703 685)
4(361 362 380 379)
4(685 703 704 686)
4(362 363 381 380)
4(686 704 705 687)
4(363 364 382 381)
4(687 705 706 688)
4(364 365 383 382)
4(688 706 707 689)
4(365 366 384 383)
4(689 707 708 690)
4(366 367 385 384)
4(690 708 709 691)
4(367 50 49 385)
4(691 709 121 122)
4(20 368 386 21)
4(92 93 710 692)
4(368 369 387 386)
4(692 710 711 693)
4(369 370 388 387)
4(693 711 712 694)
4(370 371 389 388)
4(694 712 713 695)
4(371 372 390 389)
4(695 713 714 696)
4(372 373 391 390)
4(696 714 715 697)
4(373 374 392 391)
4(697 715 716 698)
4(374 375 393 392)
4(698 716 717 699)
4(375 376 394 393)
4(699 717 718 700)
4(376 377 395 394)
4(700 718 719 701)
4(377 378 396 395)
4(701 719 720 702)
4(378 379 397 396)
4(702 720 721 703)
4(379 380 398 397)
4(703 721 722 704)
4(380 381 399 398)
4(704 722 723 705)
4(381 382 400 399)
4(705 723 724 706)
4(382 383 401 400)
4(706 724 725 707)
4(383 384 402 401)
4(707 725 726 708)
4(384 385 403 402)
4(708 726 727 709)
4(385 49 48 403)
4(709 727 120 121)
4(21 386 404 22)
4(93 94 728 710)
4(386 387 405 404)
4(710 728 729 711)
4(387 388 406 405)
4(711 729 730 712)
4(388 389 407 406)
4(712 730 731 713)
4(389 390 408 407)
4(713 731 732 714)
4(390 391 409 408)
4(714 732 733 715)
4(391 392 410 409)
4(715 733 734 716)
4(392 393 411 410)
4(716 734 735 717)
4(393 394 412 411)
4(717 735 736 718)
4(394 395 413 412)
4(718 736 737 719)
4(395 396 414 413)
4(719 737 738 720)
4(396 397 415 414)
4(720 738 739 721)
4(397 398 416 415)
4(721 739 740 722)
4(398 399 417 416)
4(722 740 741 723)
4(399 400 418 417)
4(723 741 742 724)
4(400 401 419 418)
4(724 742 743 725)
4(401 402 420 419)
4(725 743 744 726)
4(402 403 421 420)
4(726 744 745 727)
4(403 48 47 421)
4(727 745 119 120)
4(22 404 422 23)
4(94 95 746 728)
4(404 405 423 422)
4(728 746 747 729)
4(405 406 424 423)
4(729 747 748 730)
4(406 407 425 424)
4(730 748 749 731)
4(407 408 426 425)
4(731 749 750 732)
4(408 409 427 426)
4(732 750 751 733)
4(409 410 428 427)
4(733 751 752 734)
4(410 411 429 428)
4(734 752 753 735)
4(411 412 430 429)
4(735 753 754 736)
4(412 413 431 430)
4(736 754 755 737)
4(413 414 432 431)
4(737 755 756 738)
4(414 415 433 432)
4(738 756 757 739)
4(415 416 434 433)
4(739 757 758 740)
4(416 417 435 434)
4(740 758 759 741)
4(417 418 436 435)
4(741 759 760 742)
4(418 419 437 436)
4(742 760 761 743)
4(419 420 438 437)
4(743 761 762 744)
4(420 421 439 438)
4(744 762 763 745)
4(421 47 46 439)
4(745 763 118 119)
4(23 422 440 24)
4(95 96 764 746)
4(422 423 441 440)
4(746 764 765 747)
4(423 424 442 441)
4(747 765 766 748)
4(424 425 443 442)
4(748 766 767 749)
4(425 426 444 443)
4(749 767 768 750)
4(426 427 445 444)
4(750 768 769 751)
4(427 428 446 445)
4(751 769 770 752)
4(428 429 447 446)
4(752 770 771 753)
4(429 430 448 447)
4(753 771 772 754)
4(430 431 449 448)
4(754 772 773 755)
4(431 432 450 449)
4(755 773 774 756)
4(432 433 451 450)
4(756 774 775 757)
4(433 434 452 451)
4(757 775 776 758)
4(434 435 453 452)
4(758 776 777 759)
4(435 436 454 453)
4(759 777 778 760)
4(436 437 455 454)
4(760 778 779 761)
4(437 438 456 455)
4(761 779 780 762)
4(438 439 457 456)
4(762 780 781 763)
4(439 46 45 457)
4(763 781 117 118)
4(24 440 458 25)
4(96 97 782 764)
4(440 441 459 458)
4(764 782 783 765)
4(441 442 460 459)
4(765 783 784 766)
4(442 443 461 460)
4(766 784 785 767)
4(443 444 462 461)
4(767 785 786 768)
4(444 445 463 462)
4(768 786 787 769)
4(445 446 464 463)
4(769 787 788 770)
4(446 447 465 464)
4(770 788 789 771)
4(447 448 466 465)
4(771 789 790 772)
4(448 449 467 466)
4(772 790 791 773)
4(449 450 468 467)
4(773 791 792 774)
4(450 451 469 468)
4(774 792 793 775)
4(451 452 470 469)
4(775 793 794 776)
4(452 453 471 470)
4(776 794 795 777)
4(453 454 472 471)
4(777 795 796 778)
4(454 455 473 472)
4(778 796 797 779)
4(455 456 474 473)
4(779 797 798 780)
4(456 457 475 474)
4(780 798 799 781)
4(457 45 44 475)
4(781 799 116 117)
4(25 458 26 1)
4(97 5 98 782)
4(458 459 27 26)
4(782 98 99 783)
4(459 460 28 27)
4(783 99 100 784)
4(460 461 29 28)
4(784 100 101 785)
4(461 462 30 29)
4(785 101 102 786)
4(462 463 31 30)
4(786 102 103 787)
4(463 464 32 31)
4(787 103 104 788)
4(464 465 33 32)
4(788 104 105 789)
4(465 466 34 33)
4(789 105 106 790)
4(466 467 35 34)
4(790 106 107 791)
4(467 468 36 35)
4(791 107 108 792)
4(468 469 37 36)
4(792 108 109 793)
4(469 470 38 37)
4(793 109 110 794)
4(470 471 39 38)
4(794 110 111 795)
4(471 472 40 39)
4(795 111 112 796)
4(472 473 41 40)
4(796 112 113 797)
4(473 474 42 41)
4(797 113 114 798)
4(474 475 43 42)
4(798 114 115 799)
4(475 44 2 43)
4(799 115 6 116)
4(0 8 80 4)
4(8 9 81 80)
4(9 10 82 81)
4(10 11 83 82)
4(11 12 84 83)
4(12 13 85 84)
4(13 14 86 85)
4(14 15 87 86)
4(15 16 88 87)
4(16 17 89 88)
4(17 18 90 89)
4(18 19 91 90)
4(19 20 92 91)
4(20 21 93 92)
4(21 22 94 93)
4(22 23 95 94)
4(23 24 96 95)
4(24 25 97 96)
4(25 1 5 97)
4(1 26 98 5)
4(26 27 99 98)
4(27 28 100 99)
4(28 29 101 100)
4(29 30 102 101)
4(30 31 103 102)
4(31 32 104 103)
4(32 33 105 104)
4(33 34 106 105)
4(34 35 107 106)
4(35 36 108 107)
4(36 37 109 108)
4(37 38 110 109)
4(38 39 111 110)
4(39 40 112 111)
4(40 41 113 112)
4(41 42 114 113)
4(42 43 115 114)
4(43 2 6 115)
4(3 7 133 61)
4(61 133 132 60)
4(60 132 131 59)
4(59 131 130 58)
4(58 130 129 57)
4(57 129 128 56)
4(56 128 127 55)
4(55 127 126 54)
4(54 126 125 53)
4(53 125 124 52)
4(52 124 123 51)
4(51 123 122 50)
4(50 122 121 49)
4(49 121 120 48)
4(48 120 119 47)
4(47 119 118 46)
4(46 118 117 45)
4(45 117 116 44)
4(44 116 6 2)
4(0 4 151 79)
4(79 151 150 78)
4(78 150 149 77)
4(77 149 148 76)
4(76 148 147 75)
4(75 147 146 74)
4(74 146 145 73)
4(73 145 144 72)
4(72 144 143 71)
4(71 143 142 70)
4(70 142 141 69)
4(69 141 140 68)
4(68 140 139 67)
4(67 139 138 66)
4(66 138 137 65)
4(65 137 136 64)
4(64 136 135 63)
4(63 135 134 62)
4(62 134 7 3)
)


// ************************************************************************* //
